

Rb1_1 = 4700
Rb2_1 = 1600
Rc_1 = 620
Re_1 = 240
Vcc = 12


Vth_1 = Vcc*Rb2_1/(Rb1_1 + Rb2_1)
Rth_1 = 1/(1/Rb1_1 + 1/Rb2_1)

